# Time-averaged data for fix pt
# TimeStep v_pxy v_pxz v_pyz
0 487.161 -189.677 -147.753
1 497.46 -191.43 -108.096
2 507.101 -193.706 -64.4097
3 516.765 -196.086 -17.6366
4 526.798 -198.43 31.3054
5 537.4 -200.94 81.9426
6 548.18 -204.221 133.447
7 559.034 -208.494 183.462
8 569.914 -214.459 229.2
9 580.672 -221.051 266.614
10 591.213 -226.897 291.889
11 601.115 -230.455 302.241
12 610.182 -230.059 296.936
13 617.407 -223.974 276.915
14 621.815 -211.502 244.977
15 622.637 -192.578 205.06
16 618.998 -167.579 161.301
17 611.093 -137.443 117.178
18 600.07 -103.306 75.6842
19 588.102 -66.5857 38.9443
20 577.412 -29.023 8.10031
21 569.855 7.56677 -16.1895
22 566.856 41.1614 -34.1741
23 568.938 70.2419 -46.6844
24 576.498 93.9665 -55.2732
25 589.485 112.591 -62.2976
26 607.633 128.08 -69.9048
27 630.537 142.753 -80.1231
28 657.645 159.065 -93.6808
29 687.73 178.781 -110.036
30 719.091 202.772 -127.41
31 750.574 230.258 -142.414
32 781.339 259.046 -151.478
33 811.002 286.032 -150.8
34 840.014 307.8 -137.51
35 869.497 321.413 -110.253
36 900.42 324.796 -69.5874
37 933.788 317.906 -17.3467
38 970.754 302.537 43.4395
39 1011.32 281.668 109.089
40 1055.65 259.601 175.846
41 1102.89 240.242 240.448
42 1151.47 227.122 299.598
43 1199.17 222.432 350.575
44 1242.88 226.976 390.929
45 1279.4 240.019 419.006
46 1305.92 260.424 434.152
47 1320.33 286.314 437.022
48 1321.33 316.179 429.391
49 1308.98 348.657 413.691
50 1283.6 382.497 392.609
51 1246.04 416.125 368.12
52 1197.05 447.889 341.836
53 1137.51 476.37 314.77
54 1069.07 499.998 287.003
55 994.048 517.872 258.63
56 915.69 529.196 229.898
57 838.273 533.796 201.216
58 766.121 532.27 173.525
59 703.128 524.95 147.791
60 652.212 512.796 124.837
61 614.536 496.107 105.148
62 589.353 476.052 88.8171
63 574.174 453.94 75.6382
64 565.261 431.298 64.9035
65 558.142 409.976 55.7384
66 548.401 391.014 47.0276
67 532.786 375.755 37.8377
68 509.164 364.747 27.6622
69 477.82 358.522 16.2774
70 441.097 357.238 3.53302
71 403.057 361.28 -10.5144
72 368.719 370.418 -26.0763
73 342.48 384.193 -42.9988
74 327.556 400.885 -61.5122
75 324.667 418.774 -81.9015
76 332.511 435.452 -104.078
77 348.266 448.857 -127.631
78 368.838 457.664 -151.586
79 390.877 460.701 -174.723
80 412.099 457.77 -195.386
81 430.521 449.054 -212.401
82 445.297 434.851 -224.236
83 455.772 415.77 -229.544
84 461.035 392.326 -227.481
85 460.491 364.964 -217.795
86 453.437 333.745 -200.293
87 439.237 299.344 -175.675
88 417.393 262.075 -144.586
89 388.339 222.33 -108.689
90 353.022 180.647 -69.9902
91 313.26 137.518 -30.9768
92 271.176 93.5095 5.55214
93 229.566 48.5422 37.2796
94 190.356 2.70376 62.0722
95 154.881 -44.0064 78.9248
96 123.604 -91.3211 87.1642
97 95.5597 -138.131 86.9996
98 69.4105 -182.89 78.844
99 43.3287 -223.663 63.981
100 15.4356 -258.464 43.8999
101 -15.8762 -285.715 20.2299
102 -51.2386 -304.7 -4.8056
103 -90.4599 -315.22 -29.1719
104 -131.611 -318.193 -51.135
105 -171.667 -314.474 -69.0688
106 -206.931 -305.295 -81.9369
107 -233.313 -291.742 -89.0695
108 -248.118 -275.034 -90.0259
109 -249.901 -256.318 -84.9191
110 -238.831 -236.45 -74.0951
111 -216.533 -216.786 -58.5647
112 -185.368 -198.24 -40.2228
113 -147.626 -181.563 -20.8842
114 -105.296 -167.143 -2.0088
115 -59.9876 -155.022 15.4201
116 -12.8831 -145.142 31.5951
117 34.3003 -136.935 47.1431
118 79.7739 -129.928 63.425
119 121.257 -123.194 80.7774
120 156.825 -116.319 98.8496
121 185.082 -109.37 116.117
122 206.168 -102.644 130.143
123 221.675 -97.3486 138.905
124 234.374 -95.142 140.834
125 247.455 -97.1249 136.032
126 264.087 -103.687 125.367
127 286.481 -114.462 109.901
128 315.26 -127.92 91.6151
129 349.632 -141.683 71.9393
130 387.401 -152.745 51.8815
131 425.329 -158.429 31.8942
132 459.618 -156.908 11.6314
133 486.419 -146.991 -9.24787
134 502.412 -128.887 -31.1539
135 505.278 -103.934 -54.4
136 493.574 -74.1564 -79.0401
137 466.668 -42.3299 -104.767
138 424.877 -11.3959 -131.32
139 370.021 15.9626 -159.201
140 304.747 37.0863 -189.03
141 232.574 50.0988 -222.428
142 158.212 53.8275 -260.809
143 86.4348 48.1386 -304.871
144 21.5951 34.7113 -354.464
145 -32.8286 15.4396 -408.068
146 -74.4762 -6.92701 -462.554
147 -103.093 -29.8743 -513.989
148 -119.809 -51.694 -557.662
149 -127.351 -71.9002 -589.935
150 -128.828 -90.8131 -607.917
151 -127.334 -109.394 -610.397
152 -125.095 -128.33 -597.645
153 -123.601 -148.068 -571.405
154 -122.91 -168.88 -534.132
155 -121.994 -191.068 -488.955
156 -119.145 -215.136 -439.388
157 -112.624 -241.649 -389.061
158 -101.724 -270.974 -341.445
159 -86.1446 -302.471 -299.858
160 -67.0419 -334.299 -267.454
161 -46.2342 -363.587 -245.8
162 -25.5143 -386.858 -236.142
163 -6.5419 -400.855 -238.039
164 9.67106 -402.859 -250.205
165 22.2574 -391.633 -270.407
166 31.2085 -366.793 -296.133
167 35.9337 -328.93 -324.703
168 35.6045 -279.347 -353.591
169 29.4885 -220.282 -380.404
170 16.7265 -154.665 -403.248
171 -2.51787 -86.0398 -420.579
172 -28.0048 -18.2552 -431.168
173 -58.0596 45.1721 -434.868
174 -90.6876 100.737 -432.145
175 -123.196 146.41 -423.99
176 -153.52 181.273 -412.446
177 -179.639 205.451 -399.804
178 -200.699 220.1 -388.58
179 -216.994 227.153 -381.024
180 -229.305 228.924 -378.989
181 -239.062 227.356 -383.249
182 -247.161 224.488 -393.048
183 -255.077 221.43 -406.183
184 -263.253 219.113 -419.409
185 -271.951 217.24 -429.036
186 -280.639 215.566 -431.883
187 -289.14 212.991 -425.999
188 -296.838 208.537 -411.216
189 -303.23 201.179 -388.396
190 -307.629 190.84 -359.582
191 -309.63 178.333 -326.727
192 -308.795 165.059 -291.927
193 -304.185 153.251 -255.942
194 -294.713 144.624 -219.312
195 -279.597 140.588 -182.021
196 -257.871 141.464 -144.6
197 -229.746 146.527 -107.297
198 -196.103 154.461 -70.5363
199 -158.971 163.931 -34.7415
200 -120.479 174.095 -0.315379
201 -82.9342 185.125 32.3144
202 -48.815 197.518 61.8429
203 -20.3592 212.088 87.003
204 0.341482 229.148 105.587
205 11.728 248.107 115.201
206 13.3185 267.08 114.239
207 5.76996 283.157 101.864
208 -9.19119 292.43 78.6762
209 -29.0436 291.008 46.2192
210 -51.6897 275.331 7.06317
211 -74.9256 242.736 -36.0998
212 -97.3668 192.581 -79.7546
213 -118.207 126.475 -120.731
214 -137.428 47.6562 -156.004
215 -155.399 -38.8963 -183.457
216 -172.898 -127.665 -202.242
217 -189.992 -213.089 -212.667
218 -205.711 -290.548 -216.1
219 -218.31 -356.549 -214.285
220 -225.218 -408.849 -208.594
221 -223.388 -446.891 -200.045
222 -210.826 -471.482 -188.981
223 -186.693 -484.873 -175.031
224 -151.336 -489.52 -157.645
225 -106.743 -488.281 -135.794
226 -55.7986 -483.766 -109.33
227 -1.83928 -477.869 -78.3624
228 51.5588 -471.682 -44.0857
229 101.486 -466.295 -8.35065
230 145.662 -462.13 25.8931
231 182.372 -459.66 56.2763
232 211.003 -458.655 80.4788
233 231.42 -458.713 96.7757
234 243.547 -458.453 104.453
235 247.603 -455.583 103.851
236 243.916 -447.737 96.2585
237 233.233 -432.642 83.9607
238 217.312 -409.44 69.2981
239 198.544 -378.528 54.7885
240 180.258 -341.84 42.3897
241 165.452 -302.405 33.3284
242 157.087 -263.565 28.657
243 156.676 -228.041 28.4599
244 164.044 -197.946 33.0693
245 177.678 -174.616 42.4758
246 194.625 -158.595 56.2379
247 211.839 -150.197 73.4553
248 226.462 -149.531 92.7474
249 236.606 -156.287 112.386
250 242.007 -169.513 130.258
251 243.407 -187.216 143.948
252 242.67 -206.904 151.389
253 241.846 -226.085 150.715
254 242.989 -241.84 140.785
255 247.809 -251.923 121.602
256 257.095 -254.941 94.3791
257 270.91 -250.431 61.5892
258 288.629 -238.829 26.1969
259 308.52 -221.374 -8.78398
260 328.715 -199.766 -40.7805
261 346.659 -175.983 -67.586
262 359.95 -152.097 -87.899
263 367.17 -130.414 -101.389
264 367.307 -112.832 -107.906
265 360.406 -100.918 -107.996
266 347.375 -95.6803 -102.95
267 329.336 -97.1282 -93.9983
268 307.525 -104.472 -83.0243
269 282.845 -116.327 -72.1261
270 256.269 -131.387 -63.7147
271 228.723 -148.103 -59.5308
272 200.969 -165.142 -61.2996
273 173.728 -180.83 -69.5441
274 147.494 -192.922 -83.399
275 122.803 -198.975 -101.01
276 99.6485 -196.95 -119.547
277 78.8563 -185.662 -135.959
278 60.5023 -165.376 -146.804
279 44.9286 -137.464 -149.25
280 32.151 -104.221 -141.066
281 21.5024 -67.844 -121.341
282 12.3498 -30.6226 -90.3753
283 4.46353 5.95697 -49.8352
284 -2.22338 40.997 -2.56461
285 -6.50766 74.5934 47.9444
286 -6.21694 107.297 98.5536
287 0.2569 139.554 146.192
288 14.4568 171.853 189.334
289 36.2064 203.433 226.957
290 64.0514 233.407 259.021
291 94.827 260.214 284.929
292 124.787 282.262 304.22
293 150.43 298.77 315.938
294 169.29 310.045 319.057
295 180.22 317.107 312.801
296 183.284 321.589 297.079
297 179.598 325.11 272.77
298 170.921 328.862 242.289
299 159.518 333.094 208.94
300 147.265 337.652 177.125
301 136.049 342.13 151.28
302 127.927 345.122 135.336
303 124.631 345.608 131.663
304 127.068 343.2 141.052
305 136.063 337.759 161.74
306 151.866 330.456 190.532
307 174.383 322.502 222.831
308 203.288 315.193 254.124
309 237.661 308.884 280.33
310 276.509 303.104 298.697
311 318.111 296.244 307.949
312 360.884 285.531 309.368
313 403.296 267.837 305.458
314 443.256 240.809 300.131
315 478.693 203.215 297.562
316 507.008 155.715 300.577
317 526 100.983 310.804
318 533.232 43.1258 327.471
319 527.525 -13.3852 348.685
320 508.623 -64.6668 371.178
321 478.549 -107.549 391.192
322 440.731 -140.667 405.425
323 399.892 -163.069 411.292
324 361.284 -174.936 407.303
325 330.123 -177.899 393.439
326 309.931 -173.914 371.493
327 302.554 -165.829 344.169
328 308.152 -156.226 315.424
329 325.638 -146.93 289.151
330 352.234 -138.595 268.535
331 384.089 -130.813 255.019
332 416.539 -122.205 247.881
333 444.515 -111.024 245.028
334 462.607 -95.9 242.567
335 466.295 -76.2052 236.197
336 452.349 -52.1494 221.795
337 419.218 -25.7593 196.427
338 368.44 -0.2286 158.872
339 303.212 20.8455 109.598
340 228.868 33.9826 50.5265
341 152.092 36.6818 -14.9061
342 79.3906 28.0409 -82.8301
343 16.0522 8.12761 -149.378
344 -33.8606 -22.007 -211.012
345 -68.41 -61.71 -265.596
346 -86.6267 -110.017 -312.136
347 -89.2031 -166.269 -350.879
348 -77.7487 -229.211 -382.914
349 -54.5759 -296.594 -409.81
350 -22.7833 -365.104 -433.53
351 14.0714 -430.804 -455.174
352 52.3419 -489.352 -475.243
353 88.6021 -537.138 -493.579
354 120.832 -571.628 -509.218
355 147.399 -591.727 -521.808
356 167.967 -597.836 -531.013
357 182.357 -591.522 -537.739
358 191.026 -575.8 -543.579
359 194.348 -553.329 -550.237
360 193.193 -527.076 -558.628
361 188.504 -499.501 -568.418
362 181.997 -472.014 -578.101
363 176.16 -444.881 -583.839
364 174.037 -418.021 -580.761
365 178.727 -390.647 -563.17
366 192.585 -362.475 -526.375
367 216.802 -333.357 -467.578
368 250.868 -304.128 -386.693
369 292.421 -276.182 -287.355
370 337.431 -250.528 -175.628
371 381.724 -228.171 -59.7397
372 421.231 -209.421 52.333
373 452.473 -193.573 153.997
374 473.451 -179.567 240.951
375 484.461 -165.945 311.405
376 487.505 -151.023 365.114
377 485.863 -132.721 403.151
378 483.658 -109.138 426.573
379 483.846 -79.2171 436.81
380 488.248 -42.8397 435.69
381 496.812 -1.33686 424.775
382 507.85 43.3609 406.876
383 518.95 88.6778 384.907
384 527.547 132.114 361.807
385 531.39 171.617 340.103
386 529.331 205.417 321.27
387 521.242 232.423 305.389
388 508.739 252.041 292.088
389 494.091 264.046 279.394
390 480.214 268.485 265.615
391 469.556 265.9 248.905
392 464.054 257.616 228.784
393 464.667 245.199 205.231
394 471.339 231.015 179.82
395 483.319 217.177 154.894
396 499.741 205.537 133.374
397 519.6 197.485 117.589
398 541.855 193.999 108.894
399 565.547 195.293 107.452
400 589.509 201.964 111.861
401 612.611 213.346 119.179
402 633.265 228.704 126.245
403 649.966 246.886 129.367
404 661.618 265.97 125.524
405 667.833 284.394 113.12
406 669.277 300.572 92.1289
407 667.68 313.128 64.1293
408 665.888 320.601 32.0976
409 667.494 322.299 -0.829511
410 675.46 317.663 -30.7416
411 692.048 306.961 -54.5898
412 718.781 290.583 -69.8814
413 755.818 269.755 -75.155
414 802.261 246.477 -70.2386
415 856.427 222.326 -55.8513
416 916.202 198.826 -33.7216
417 978.511 176.688 -6.55993
418 1040 155.504 22.1953
419 1096.85 133.752 49.053
420 1145.03 110.01 70.2563
421 1180.56 82.8986 83.2401
422 1200.6 51.601 86.4288
423 1203.41 15.6519 79.9189
424 1189.16 -24.9365 65.4656
425 1160.23 -69.276 45.4802
426 1120.46 -116.06 22.6845
427 1074.34 -163.214 -0.483298
428 1026.18 -208.088 -22.4711
429 979.792 -247.979 -42.2189
430 937.92 -280.073 -59.4234
431 902.79 -302.559 -74.3592
432 875.643 -315.234 -87.7706
433 856.862 -318.497 -101.357
434 845.823 -313.984 -116.629
435 840.573 -304.417 -134.958
436 838.087 -292.712 -157.206
437 835.609 -282.042 -183.15
438 829.852 -275.694 -211.835
439 818.96 -276.304 -240.714
440 802.498 -286.09 -267.553
441 781.169 -305.854 -289.275
442 756.54 -335.466 -303.04
443 730.355 -373.374 -306.637
444 703.281 -416.887 -298.516
445 675.496 -462.873 -277.46
446 645.982 -508.35 -243.539
447 614.041 -550.999 -196.951
448 578.676 -589.094 -139.558
449 540.001 -621.685 -74.2539
450 498.74 -648.069 -5.16138
451 455.915 -668.243 62.9249
452 412.548 -682.462 125.271
453 369.122 -691.496 177.597
454 326.378 -696.565 216.857
455 285.026 -699.12 242.055
456 246.146 -700.363 253.474
457 211.793 -701.453 252.571
458 184.216 -703.017 241.783
459 165.694 -705.7 223.2
460 157.584 -709.426 199.329
461 160.602 -714.132 172.086
462 173.639 -718.618 144.097
463 194.885 -721.937 117.986
464 221.321 -722.925 96.3002
465 249.501 -720.814 81.4283
466 275.56 -715.253 74.6952
467 296.06 -707.382 76.2635
468 308.323 -698.031 85.1839
469 311.085 -687.981 99.1848
470 304.475 -677.271 115.034
471 289.598 -664.393 129.717
472 269.015 -647.27 140.358
473 245.529 -623.478 144.882
474 222.365 -591.11 142.836
475 202.369 -549.616 133.963
476 187.48 -499.876 118.626
477 178.845 -444.778 97.6264
478 176.916 -388.514 71.7851
479 181.479 -335.355 41.7099
480 191.758 -289.57 8.38257
481 206.855 -253.884 -27.201
482 225.866 -229.612 -63.8873
483 247.807 -216.027 -100.267
484 271.955 -211.51 -134.358
485 297.773 -213.803 -164.348
486 325.351 -220.022 -188.2
487 354.963 -228.108 -204.597
488 386.992 -236.11 -212.728
489 421.763 -242.549 -212.405
490 459.215 -245.963 -203.471
491 498.845 -245.871 -186.312
492 539.778 -242.397 -161.763
493 580.46 -236.674 -131.274
494 619.432 -230.468 -97.261
495 654.445 -225.827 -62.4358
496 683.289 -225.214 -29.3499
497 703.563 -230.191 0.398623
498 713.249 -242.079 26.3586
499 711.138 -261.367 49.4915
500 697.041 -287.431 72.0525
501 671.845 -319.76 95.6296
502 638.02 -357.079 121.548
503 598.675 -398.476 149.524
504 557.387 -442.099 177.754
505 517.597 -485.6 202.896
506 481.978 -526.553 221.298
507 451.654 -561.688 228.95
508 426.984 -587.759 222.624
509 407.397 -601.577 200.582
510 391.239 -601.161 162.761
511 376.304 -586.091 111.055
512 360.416 -558.182 49.5541
513 341.853 -521.111 -15.8559
514 319.523 -479.511 -78.5011
515 293.678 -437.87 -132.344
516 266.105 -399.803 -172.733
517 240.203 -366.994 -197.105
518 220.581 -339.862 -205.509
519 212.133 -318.39 -199.117
520 218.468 -301.522 -179.821
521 241.43 -288.566 -150.125
522 280.653 -278.596 -112.36
523 332.647 -270.528 -69.3568
524 392.718 -263.051 -24.1205
525 455.167 -254.614 19.5394
526 513.944 -244.38 57.6016
527 563.8 -231.839 86.0566
528 600.842 -217.886 102.638
529 622.282 -205.358 106.74
530 627.333 -198.335 100.148
531 617.086 -201.5 85.9991
532 594.723 -218.551 67.9471
533 564.548 -251.113 49.2151
534 530.919 -298.85 31.796
535 497.934 -359.818 17.5737
536 468.53 -430.459 7.47606
537 444.827 -506.987 2.50805
538 427.162 -584.776 3.40933
539 415.017 -660.026 10.2317
540 407.076 -729.469 22.1318
541 401.232 -790.66 37.4156
542 395.311 -842.197 53.8137
543 387.241 -882.95 68.0276
544 375.903 -912.584 77.4533
545 361.008 -930.811 79.4195
546 342.927 -938.267 72.7663
547 322.984 -936.464 56.9381
548 302.685 -927.78 33.101
549 283.499 -915.641 3.06668
550 266.711 -904.112 -30.6467
551 252.805 -897.303 -65.647
552 241.198 -898.324 -99.6901
553 231.021 -909.089 -130.858
554 220.96 -929.102 -157.732
555 209.936 -955.269 -178.957
556 197.769 -982.03 -193.173
557 184.918 -1002.89 -199.453
558 172.464 -1011.57 -197.274
559 161.046 -1003.55 -186.631
560 150.797 -977.145 -168.14
561 140.383 -933.98 -143.544
562 128.119 -878.114 -115.645
563 111.666 -815.728 -88.0038
564 88.8605 -752.905 -64.0806
565 58.6296 -695.336 -47.3198
566 21.2804 -647.382 -39.1556
567 -22.0074 -611.448 -39.7012
568 -68.8482 -588.696 -47.4539
569 -117.103 -578.947 -59.0222
570 -164.991 -581.277 -70.5731
571 -210.644 -594.171 -78.2063
572 -252.96 -615.558 -79.3555
573 -290.543 -642.924 -72.7343
574 -322.439 -673.386 -58.646
575 -347.381 -704.16 -38.3754
576 -364.278 -732.371 -13.4537
577 -372.442 -756.033 14.6021
578 -371.229 -774.386 45.2129
579 -360.77 -786.581 78.0929
580 -341.698 -792.992 113.319
581 -315.514 -794.287 150.767
582 -284.495 -791.84 189.824
583 -250.707 -787.026 229.213
584 -216.785 -782.218 267.3
585 -183.99 -779.695 302.083
586 -153.04 -781.896 331.692
587 -124.086 -790.106 354.45
588 -96.5492 -805.08 369.452
589 -69.6293 -825.668 376.278
590 -42.8588 -849.772 374.95
591 -15.7902 -874.579 366.011
592 11.6462 -897.176 349.787
593 39.793 -915.242 327.33
594 68.9801 -927.511 300.587
595 99.4051 -934.439 272.086
596 131.124 -937.522 245.379
597 163.72 -938.92 224.214
598 196.027 -940.349 211.977
599 226.797 -942.752 211.044
600 254.664 -945.968 222.466
601 279.182 -948.702 245.351
602 300.519 -949.44 277.121
603 319.527 -946.813 314.15
604 338.577 -940.225 352.995
605 359.229 -930.076 390.154
606 383.431 -916.715 423.042
607 411.934 -900.819 449.724
608 444.517 -882.081 468.896
609 480.238 -860.339 479.864
610 517.924 -834.637 481.857
611 556.131 -804.141 474.704
612 593.561 -767.985 458.998
613 629.141 -725.485 435.831
614 662.275 -676.513 406.811
615 692.46 -621.427 374.237
616 719.842 -561.578 339.879
617 744.676 -498.802 305.488
618 767.464 -435.75 272.769
619 788.176 -375.653 242.89
620 806.351 -321.279 216.461
621 821.373 -274.485 194.607
622 832.45 -236.33 177.285
623 838.629 -207.02 163.971
624 839.263 -185.87 154.462
625 834.255 -172.617 147.428
626 824.232 -166.786 141.61
627 810.342 -167.767 135.001
628 794.424 -174.551 125.406
629 777.972 -185.032 110.256
630 762.454 -196.619 87.5067
631 748.194 -205.718 55.9079
632 735.136 -208.844 15.0433
633 722.737 -202.58 -34.5594
634 709.701 -184.79 -91.3274
635 695.421 -154.599 -152.491
636 679.592 -112.968 -214.57
637 661.905 -62.3286 -273.994
638 642.376 -6.79743 -326.894
639 621.347 48.5586 -370.395
640 598.836 98.4086 -402.609
641 574.957 138.147 -422.617
642 550.235 164.493 -431.173
643 525.275 176.197 -429.68
