# Time-averaged data for fix pt
# TimeStep v_pxy v_pxz v_pyz
0 -217.694 -153.807 79.7276
1 -187.597 -151.03 106.832
2 -158.221 -149.677 128.826
3 -132.739 -150.051 147.981
4 -114.884 -151.401 163.036
5 -107.361 -153.231 172.878
6 -111.911 -155.444 176.888
7 -128.37 -158.095 175.04
8 -155.611 -160.904 167.288
9 -191.402 -163.33 154.132
10 -233.058 -165.107 136.375
11 -277.724 -165.145 115.201
12 -323.005 -162.275 92.4035
13 -366.517 -155.78 70.0862
14 -406.705 -145.419 50.1824
15 -441.792 -131.407 34.4367
16 -471.524 -114.598 24.3554
17 -495.791 -95.8133 20.7147
18 -515.434 -75.5278 23.8196
19 -531.726 -53.8252 33.8821
20 -545.732 -30.4924 50.9619
21 -558.188 -5.23777 74.7317
22 -568.78 22.5906 104.438
23 -576.444 52.9976 138.73
24 -579.956 85.5851 175.629
25 -577.919 119.771 212.508
26 -569.881 154.644 246.322
27 -555.762 189.336 274.497
28 -536.22 223.228 294.515
29 -512.242 255.828 304.865
30 -485.261 287.259 304.637
31 -456.342 317.69 293.706
32 -426.322 347.727 272.736
33 -395.561 377.819 242.937
34 -364.218 408.418 206.361
35 -332.316 439.713 165.527
36 -299.482 471.212 123.278
37 -265.832 502.065 82.5349
38 -232.001 530.937 45.8598
39 -198.799 556.104 15.445
40 -167.508 575.752 -7.53618
41 -139.118 588.492 -22.0581
42 -114.775 593.93 -28.7109
43 -94.9547 592.263 -27.3609
44 -79.4641 584.615 -18.4101
45 -67.1746 572.507 -2.27265
46 -56.5451 557.259 20.4497
47 -45.7399 540.013 49.0957
48 -33.0506 520.857 82.2097
49 -17.9418 499.843 118.078
50 -0.539043 476.723 155.391
51 18.0368 451.237 193.273
52 35.8388 423.422 231.166
53 51.1628 393.139 268.398
54 62.15 360.042 304.542
55 67.2632 323.214 338.238
56 65.8983 281.335 368.124
57 57.7931 232.9 393.048
58 44.0594 176.801 412.291
59 26.0753 112.839 425.816
60 5.69022 42.1102 433.826
61 -14.6414 -33.7302 437.418
62 -32.0843 -111.682 437.88
63 -43.7897 -188.357 436.32
64 -47.495 -260.081 433.748
65 -41.9794 -323.66 430.771
66 -27.5886 -375.988 427.976
67 -6.03292 -414.306 426.057
68 19.8473 -437.297 425.804
69 47.0451 -444.556 427.35
70 73.0354 -437.174 430.607
71 96.3517 -417.232 435.103
72 115.968 -387.187 439.748
73 131.882 -349.304 443.848
74 144.48 -305.714 446.383
75 153.529 -258.012 446.324
76 158.722 -207.426 443.038
77 158.879 -155.047 435.327
78 152.802 -102.036 422.156
79 139.367 -50.1316 402.297
80 117.593 -0.831482 375.001
81 87.5412 43.6198 340.145
82 49.8971 81.2951 297.926
83 6.13182 110.73 249.962
84 -41.5347 130.572 198.077
85 -91.273 140.55 144.985
86 -141.311 140.604 93.3929
87 -190.249 131.043 45.8216
88 -236.956 112.649 4.35223
89 -280.625 86.4662 -30.1043
90 -320.263 53.2546 -56.992
91 -354.583 14.4457 -76.9692
92 -381.74 -28.831 -90.9214
93 -399.887 -75.0846 -100.616
94 -407.602 -123.053 -107.76
95 -403.796 -170.846 -114.035
96 -388.762 -217.495 -121.304
97 -364.056 -261.825 -130.428
98 -333.171 -302.82 -141.931
99 -300.535 -339.773 -155.434
100 -271.251 -371.769 -169.904
101 -249.908 -398.276 -183.756
102 -240.321 -418.589 -194.615
103 -244.473 -432.502 -200.598
104 -262.527 -440.057 -199.549
105 -292.293 -442.282 -189.933
106 -330.485 -439.916 -170.551
107 -372.333 -434.252 -140.875
108 -413.012 -426.669 -101.153
109 -447.223 -418.05 -52.2849
110 -470.064 -409.032 4.32573
111 -477.725 -399.771 66.8485
112 -468.294 -389.261 133.866
113 -441.597 -377.067 204.162
114 -399.497 -362.234 276.457
115 -346.018 -344.518 349.171
116 -286.183 -323.98 419.793
117 -225.534 -301.145 485.161
118 -169.271 -277.066 541.919
119 -121.473 -253.822 586.874
120 -84.0254 -233.407 617.827
121 -57.2392 -217.924 634.412
122 -39.4567 -209.097 637.08
123 -27.6177 -208.106 627.693
124 -18.4796 -215.287 608.85
125 -8.49775 -230.395 582.927
126 4.31618 -252.757 552.444
127 21.3444 -281.238 519.903
128 42.8756 -314.534 487.023
129 68.6353 -351.224 455.843
130 97.7887 -390.23 427.936
131 129.62 -430.087 404.463
132 162.978 -469.293 386.026
133 196.878 -505.959 372.274
134 230.446 -537.658 362.508
135 263.442 -561.783 356.08
136 295.112 -576.229 352.391
137 325.06 -579.275 350.745
138 352.139 -570.246 350.786
139 374.747 -550.015 351.784
140 391.562 -520.407 352.577
141 400.974 -484.731 351.158
142 402.026 -446.651 345.655
143 395.04 -410.039 333.733
144 380.843 -377.324 313.541
145 361.258 -349.752 283.938
146 338.103 -326.969 245.41
147 313.374 -307.995 199.091
148 288.085 -291.539 147.565
149 263.069 -277.032 94.0163
150 238.177 -263.763 41.6394
151 213.173 -252.422 -7.39993
152 187.76 -243.304 -51.7042
153 161.893 -236.849 -91.3754
154 135.455 -233.71 -126.759
155 108.918 -233.755 -159.029
156 83.2364 -236.464 -188.586
157 59.9774 -240.926 -215.236
158 41.1876 -245.715 -238.226
159 29.1401 -249.465 -256.35
160 25.9447 -250.934 -268.163
161 32.8382 -248.777 -272.624
162 49.7855 -242.326 -268.943
163 75.5524 -231.13 -256.633
164 107.538 -215.453 -236.842
165 142.891 -195.939 -210.521
166 178.117 -174.281 -180.638
167 209.587 -152.616 -149.714
168 234.495 -133.746 -120.569
169 250.141 -119.99 -95.4093
170 254.3 -112.927 -75.7794
171 246.249 -112.895 -62.4824
172 226.244 -118.541 -55.2082
173 195.688 -127.97 -53.2126
174 157.292 -138.524 -54.9708
175 114.276 -148.841 -58.4001
176 69.8826 -157.733 -61.2163
177 27.1391 -165.017 -61.0826
178 -12.2288 -170.678 -56.4826
179 -46.8845 -174.864 -46.5844
180 -76.477 -177.653 -31.3065
181 -101.038 -178.944 -11.3979
182 -121.11 -178.582 11.4838
183 -137.115 -176.282 35.367
184 -150.564 -171.817 58.2839
185 -163.177 -164.938 77.7259
186 -177.736 -155.982 91.2105
187 -197.301 -145.135 96.5476
188 -225.036 -133.03 91.8282
189 -263.139 -120.849 77.0831
190 -312.331 -109.823 53.4758
191 -371.256 -101.106 23.1119
192 -436.54 -94.9958 -10.3392
193 -503.95 -90.9655 -43.5139
194 -567.918 -88.2739 -73.2335
195 -623.841 -85.6819 -97.4326
196 -668.266 -81.8576 -115.297
197 -699.32 -76.0034 -127.254
198 -716.86 -67.9916 -135.043
199 -722.371 -58.1103 -141.102
200 -718.141 -47.3943 -148.272
201 -707.163 -36.4654 -158.992
202 -692.564 -26.4942 -174.445
203 -677.232 -17.9668 -195.228
204 -663.74 -11.3677 -221.184
205 -653.766 -7.0299 -251.34
206 -647.813 -5.08728 -285.032
207 -645.092 -5.64306 -321.277
208 -643.435 -8.65879 -359.728
209 -639.53 -14.1044 -399.326
210 -630.724 -21.8825 -439.331
211 -614.142 -31.8587 -479.144
212 -588.796 -43.8118 -517.783
213 -554.641 -57.4189 -554.23
214 -512.65 -72.7683 -587.723
215 -464.775 -89.7606 -617.887
216 -413.73 -107.867 -644.46
217 -362.343 -126.596 -667.137
218 -313.544 -145.513 -685.716
219 -270.309 -164.126 -700.166
220 -234.968 -182.287 -709.785
221 -209.209 -200.036 -713.994
222 -193.997 -218.271 -712.236
223 -188.817 -236.856 -704.286
224 -191.828 -256.039 -690.253
225 -200.263 -275.411 -670.485
226 -210.744 -294.087 -646.099
227 -219.96 -310.594 -617.884
228 -225.82 -323.553 -587.767
229 -227.264 -331.355 -557.027
230 -224.401 -333.002 -527.099
231 -217.792 -327.925 -498.901
232 -208.138 -316.8 -472.474
233 -196.371 -300.81 -446.625
234 -182.922 -281.617 -419.781
235 -168.424 -260.973 -389.892
236 -153.54 -240.48 -355.484
237 -140.052 -220.735 -315.386
238 -129.551 -201.914 -269.679
239 -124.588 -183.728 -218.96
240 -126.974 -165.871 -164.317
241 -138.39 -147.924 -107.006
242 -158.978 -130.213 -47.986
243 -187.914 -113.166 11.4958
244 -223.003 -97.4966 70.6923
245 -261.138 -84.3641 128.603
246 -299.032 -74.4221 184.065
247 -333.085 -67.8311 235.831
248 -360.698 -64.7446 282.369
249 -379.924 -64.7329 322.343
250 -389.701 -67.4705 354.447
251 -390.304 -72.1716 377.902
252 -382.98 -78.6838 392.731
253 -369.891 -87.0632 400.096
254 -353.978 -97.2006 401.572
255 -337.801 -109.017 399.582
256 -324.042 -122.227 397.236
257 -314.76 -135.446 397.094
258 -311.277 -147.16 401.994
259 -314.316 -155.162 413.396
260 -324.175 -157.655 431.775
261 -340.148 -152.765 456.393
262 -361.011 -139.374 485.338
263 -385.26 -117.132 515.494
264 -410.821 -85.9477 543.134
265 -435.468 -46.9391 564.525
266 -456.935 -1.21291 576.755
267 -472.992 49.0158 577.824
268 -482.235 101.747 567.001
269 -483.286 154.78 544.775
270 -475.794 206.036 512.749
271 -459.942 254.045 473.217
272 -436.593 297.513 428.725
273 -407.264 335.512 381.808
274 -374.131 367.186 334.966
275 -339.691 391.627 290.19
276 -307.145 407.788 249.477
277 -279.124 415.095 214.999
278 -257.965 412.947 188.562
279 -245.407 401.78 171.761
280 -242.176 382.605 165.491
281 -247.879 357.206 170.094
282 -261.428 327.424 184.68
283 -280.477 295.187 207.399
284 -302.863 262.18 235.579
285 -325.489 229.812 266.216
286 -345.615 199.584 296.656
287 -361.044 173.045 324.572
288 -369.966 151.746 348.204
289 -371.312 136.952 366.706
290 -364.515 129.413 379.074
291 -349.958 129.429 384.557
292 -327.989 136.798 382.916
293 -299.872 150.477 373.724
294 -267.542 169.048 357.214
295 -233.891 190.949 334.167
296 -201.922 213.806 305.929
297 -174.729 235.504 274.906
298 -155.144 253.788 243.481
299 -144.788 266.079 213.867
300 -143.856 270.866 187.652
301 -151.218 266.815 165.625
302 -165.044 253.778 147.425
303 -182.574 232.247 132.408
304 -200.843 203.601 120.096
305 -217.2 169.471 110.594
306 -229.821 131.2 103.969
307 -237.609 90.562 100.912
308 -240.139 48.9202 101.703
309 -237.41 7.66257 105.925
310 -229.382 -31.7021 112.931
311 -216.007 -67.4275 121.729
312 -197.145 -98.2883 131.83
313 -173.586 -123.502 143.295
314 -146.064 -142.569 157.181
315 -115.744 -155.61 174.857
316 -84.2005 -163.054 197.902
317 -52.5584 -165.59 227.194
318 -22.7689 -164.157 262.362
319 3.75351 -159.558 302.104
320 25.2115 -153.154 344.162
321 40.1084 -146.205 385.648
322 47.1855 -140.351 423.763
323 46.4084 -136.975 456.476
324 38.189 -136.918 481.854
325 24.5652 -140.584 499.171
326 8.05893 -147.937 507.708
327 -8.54361 -158.087 507.764
328 -22.5731 -169.811 499.673
329 -31.6203 -181.961 484.857
330 -34.0839 -193.107 464.798
331 -29.2573 -202.07 441.477
332 -16.569 -208.071 416.863
333 3.4515 -210.018 392.551
334 30.2282 -207.463 368.976
335 61.9033 -200.478 345.954
336 96.9185 -189.494 322.142
337 132.762 -175.524 296.347
338 166.383 -160.283 267.186
339 195.329 -145.895 233.897
340 217.456 -134.58 196.773
341 231.504 -128.216 156.656
342 237.314 -129.004 115.233
343 236.031 -138.287 74.9701
344 229.761 -156.686 37.9129
345 220.982 -183.886 6.05059
346 212.658 -218.577 -19.0408
347 207.28 -258.675 -36.284
348 206.782 -301.649 -44.9907
349 212.07 -344.908 -44.9214
350 223.166 -385.874 -35.8973
351 238.576 -422.448 -18.732
352 256.112 -452.882 4.98679
353 272.849 -476.103 32.9871
354 285.992 -491.72 62.1351
355 293.254 -500.303 89.3206
356 293.025 -502.372 111.671
357 284.578 -498.89 127.302
358 268.2 -491.379 135.262
359 244.555 -480.926 135.932
360 214.629 -468.957 130.439
361 179.641 -456.652 120.717
362 140.805 -445.074 108.789
363 99.4554 -435.05 96.7403
364 56.4209 -426.847 86.0599
365 12.5024 -419.891 77.7082
366 -31.859 -412.998 71.545
367 -76.4624 -404.542 66.6904
368 -121.827 -392.571 61.2925
369 -167.958 -374.849 53.5708
370 -215.126 -349.764 41.6049
371 -263.454 -315.956 23.8173
372 -312.491 -272.81 -0.373863
373 -361.42 -220.913 -30.9282
374 -408.736 -161.62 -66.7985
375 -453.04 -96.8666 -105.807
376 -492.636 -29.6777 -145.545
377 -526.781 36.7007 -183.27
378 -554.929 99.0221 -216.214
379 -577.031 154.352 -242.334
380 -593.594 200.481 -259.62
381 -604.327 235.687 -267.198
382 -608.645 258.749 -264.986
383 -605.144 269.297 -254.418
384 -592.344 267.558 -238.098
385 -569.098 254.343 -219.079
386 -535.081 230.991 -201.216
387 -491.519 199.226 -187.704
388 -440.827 161.377 -181.205
389 -386.886 119.283 -183.215
390 -334.332 75.4019 -193.842
391 -287.126 31.7411 -211.684
392 -248.386 -9.8462 -234.42
393 -219.762 -47.7187 -258.758
394 -201.691 -80.7339 -281.544
395 -192.855 -108.726 -299.661
396 -191.043 -131.927 -310.851
397 -193.121 -151.956 -313.567
398 -195.422 -170.589 -306.939
399 -194.117 -189.833 -290.712
400 -186.002 -211.35 -265.456
401 -168.973 -235.824 -231.969
402 -142.689 -263.142 -191.132
403 -108.731 -291.683 -144.303
404 -70.5269 -318.945 -93.1809
405 -32.8343 -341.66 -39.7253
406 -0.506591 -356.859 13.6828
407 21.9601 -362.105 64.4291
408 31.4561 -355.963 109.843
409 26.7496 -338.883 147.621
410 7.96274 -312.682 176.009
411 -23.846 -280.215 193.754
412 -66.5239 -244.906 200.876
413 -117.689 -210.054 197.508
414 -174.209 -178.881 184.944
415 -232.78 -153.549 165.029
416 -289.704 -135.148 139.994
417 -341.122 -123.318 111.956
418 -383.116 -116.505 83.2476
419 -412.971 -113.004 55.832
420 -428.87 -110.861 31.2086
421 -430.473 -109.232 10.2535
422 -418.699 -107.302 -6.5633
423 -396.152 -104.952 -19.5907
424 -366.212 -102.498 -29.4508
425 -332.879 -100.052 -37.1216
426 -299.822 -97.3995 -43.7015
427 -270.412 -94.5319 -50.5698
428 -246.521 -91.4669 -59.236
429 -228.268 -88.162 -71.8564
430 -214.731 -84.5386 -90.4216
431 -204.05 -80.2854 -116.073
432 -193.546 -74.901 -150.587
433 -180.796 -67.0959 -194.017
434 -164.135 -55.3787 -245.372
435 -142.837 -37.7525 -302.687
436 -116.765 -12.3682 -363.199
437 -86.8649 22.3107 -423.403
438 -54.5702 67.6595 -480.569
439 -21.3516 123.346 -531.81
440 11.3012 188.104 -575.147
441 42.0563 259.15 -609.018
442 70.1306 332.577 -632.173
443 95.3906 403.982 -643.755
444 118.354 468.761 -644.117
445 139.421 522.886 -633.969
446 159.683 563.438 -615.651
447 179.447 588.697 -591.454
448 199.038 598.714 -564.263
449 218.421 594.969 -536.501
450 236.845 580.298 -509.346
451 253.223 558.657 -482.921
452 266.106 534.077 -456.515
453 273.896 510.835 -428.676
454 274.87 492.281 -398.091
455 267.879 481.476 -364.106
456 252.805 480.65 -326.577
457 230.646 491.201 -286.256
458 203.1 513.349 -244.476
459 172.186 545.863 -202.959
460 140.483 586.11 -163.552
461 110.018 630.391 -128.061
462 82.6193 674.873 -97.6394
463 60.097 715.881 -72.8975
464 43.9372 750.677 -53.2177
465 35.7765 777.359 -37.336
466 36.4736 796.026 -23.4534
467 46.5609 807.142 -9.89363
468 65.1518 811.624 4.93985
469 90.4749 810.544 22.0341
470 119.614 804.787 41.5323
471 149.247 794.787 62.5014
472 175.892 780.938 83.6197
473 196.984 763.3 102.766
474 210.772 741.845 117.147
475 216.787 716.601 124.124
476 215.521 687.448 121.59
477 208.438 654.142 108.201
478 197.17 616.789 83.9745
479 183.503 575.498 50.676
480 169.417 531.457 11.1546
481 157.046 486.549 -30.9387
482 148.008 443.185 -71.4334
483 144.296 404.324 -106.653
484 147.349 372.267 -134.225
485 157.786 348.578 -152.324
486 175.419 334.154 -160.441
487 199.198 328.79 -159.29
488 226.342 331.346 -150.587
489 253.688 339.78 -136.095
490 277.059 351.476 -118.616
491 292.154 363.682 -99.9895
492 295.16 373.573 -82.8773
493 283.355 378.788 -68.5548
494 255.625 377.861 -58.1149
495 211.934 370.107 -52.1085
496 154.202 355.517 -49.9191
497 85.224 334.739 -50.1882
498 9.08637 308.802 -50.8138
499 -70.0117 278.905 -49.8219
500 -147.403 246.192 -44.9872
